image_width: 644
image_height: 482
camera_name: 14432788
camera_matrix:
  rows: 3
  cols: 3
  data: [511.0550068157304, 0, 325.727464340495, 0, 512.0268610918698, 231.8618187003743, 0, 0, 1]
distortion_model: plumb_bob
distortion_coefficients:
  rows: 1
  cols: 5
  data: [-0.3978431579733658, 0.1502812164424724, 0.0002810019259658668, -0.0001232787544688815, 0]
rectification_matrix:
  rows: 3
  cols: 3
  data: [0.9998762543971988, 0.002428114725664221, 0.01554284888645656, -0.002466298586765326, 0.9999939867765077, 0.002437987306515379, -0.01553683571095257, -0.002476018922549489, 0.9998762303737329]
projection_matrix:
  rows: 3
  cols: 4
  data: [475.9550887464649, 0, 315.3955764770508, -47.32135510438285, 0, 475.9550887464649, 235.2961254119873, 0, 0, 0, 1, 0]