image_width: 644
image_height: 482
camera_name: 14490542
camera_matrix:
  rows: 3
  cols: 3
  data: [505.7212791921691, 0, 331.2797008667434, 0, 506.8091926115872, 239.4852460349639, 0, 0, 1]
distortion_model: plumb_bob
distortion_coefficients:
  rows: 1
  cols: 5
  data: [-0.4052601025675383, 0.1635015221719979, -0.0003175683217554333, -0.0003745909426935948, 0]
rectification_matrix:
  rows: 3
  cols: 3
  data: [0.9996682750887084, 0.002152013607946532, 0.02566531937455111, -0.002088940159746927, 0.9999947327890634, -0.002484094027773401, -0.0256705299940514, 0.002429656675548165, 0.9996675050526868]
projection_matrix:
  rows: 3
  cols: 4
  data: [475.9550887464649, 0, 315.3955764770508, 0, 0, 475.9550887464649, 235.2961254119873, 0, 0, 0, 1, 0]