# Calibration for Downward Camera with Spare Fisheye Lens
intrinsic:
  R0: # Row 0
    C0: 1048.212575384906
    C1: 0.0
    C2: 662.7387198904343
  R1: # Row 1
    C0: 0.0
    C1: 1050.758601388078
    C2: 457.1898305310038
  R2: # Row 2
    C0: 0.0
    C1: 0.0
    C2: 1.0
distCoeffs:
  C0: -0.4420052844258311
  C1: 0.3104203063736147
  C2: 0.0004208432003533362
  C3: -0.0002388068197768944
  C4: -0.1812405905418714
