# Calibration for Forward Camera with "spare" Fisheye Lens
cameraMatrix:
  R0: # Row 0
    C0: 1047.506619677797
    C1: 0.0
    C2: 683.9964076059965
  R1: # Row 1
    C0: 0.0
    C1: 1049.747867486899
    C2: 472.3250855728513
  R2: # Row 2
    C0: 0.0
    C1: 0.0
    C2: 1.0
distortionCoeffs:
  C0: -0.4419255364292572
  C1: 0.3105946887796641
  C2: 0.00003868058294259321 # 3.868058294259321e-05
  C3: -0.00064617468553975
  C4: -0.1804402895339512
