# Calibration for Forward Camera with "fwd" Fisheye Lens
cameraMatrix:
  R0: # Row 0
    C0: 1037.983055002182
    C1: 0.0
    C2: 672.7836387758009
  R1: # Row 1
    C0: 0.0
    C1: 1039.323435192038
    C2: 460.7474098397583
  R2: # Row 2
    C0: 0.0
    C1: 0.0
    C2: 1.0
distortionCoeffs:
  C0: -0.4225295805300275
  C1: 0.1874464390729469
  C2: -0.0004534269635919557
  C3: -0.002076891476053075
  C4: -0.003804023598932719
