#imu_rear:
#Hard and Soft Iron Offsets for Columbus, OH at CAR
hx: -0.008713
hy: 0.012361
hz: 0.247308
m11: 1.265655
m12: 0.023259
m13: -0.002334
m21: 0.023259
m22: 1.193813
m23: -0.005430
m31: -0.002334
m32: -0.005430
m33: 1.173200
