#imu_front:
#Hard and Soft Iron Offsets for Columbus, OH in Ted's Apt
hx: -0.008379
hy: -0.038906
hz: -0.131328
m11: 0.994664
m12: 0.000204
m13: -0.001298
m21: 0.000204
m22: 0.991391
m23: -0.003065
m31: -0.001298
m32: -0.003065
m33: 0.993599
