#imu_front:
#Hard and Soft Iron Offsets for Columbus, OH in Ted's Apt
hx: -0.013879
hy: 0.019510
hz: -0.064880
m11: 0.939098
m12: -0.001196
m13: 0.011043
m21: -0.001196
m22: 1.015392
m23: 0.001383
m31: 0.011043
m32: 0.001383
m33: 1.008503
