#imu_front:
#Hard and Soft Iron Offsets for Columbus, OH in Ted's Apt
hx: -0.211986
hy: -0.031564
hz: -0.092712
m11: 0.938079
m12: 0.020788
m13: -0.028168
m21: 0.020788
m22: 1.046400
m23: 0.018967
m31: -0.028168
m32: -0.018967
m33: 1.020401
