Mass: 35.7 # [kg]
Volume: 0.03755 # [m^3]
Ixx: 0.52607145 # [kg-m^2]
Iyy: 1.50451601 # [kg-m^2]
Izz: 1.62450600 # [kg-m^2]
Buoyancy_X_POS: 0.009 # [m]
Buoyancy_Y_POS: 0.0 # [m]
Buoyancy_Z_POS: 0.05 # [m]
