image_width: 1288
image_height: 964
camera_name: 14432788
camera_matrix:
  rows: 3
  cols: 3
  data: [1002.152131773977, 0, 666.7292303809733, 0, 1004.22451488309, 492.8614229464331, 0, 0, 1]
distortion_model: plumb_bob
distortion_coefficients:
  rows: 1
  cols: 5
  data: [-0.3856977593854539, 0.1510187311328474, -0.0009870874612394919, -0.004715776474580258, 0]
rectification_matrix:
  rows: 3
  cols: 3
  data: [0.9740906253104027, 0.03196864866191313, -0.2238871572581145, -0.02987425955938714, 0.9994725153609055, 0.01273654795944885, 0.2241762304486515, -0.005718088918173225, 0.9745318471763543]
projection_matrix:
  rows: 3
  cols: 4
  data: [973.2864590303869, 0, 967.9928283691406, 0, 0, 973.2864590303869, 456.1268043518066, 0, 0, 0, 1, 0]