image_width: 1288
image_height: 964
camera_name: 14432788
camera_matrix:
  rows: 3
  cols: 3
  data: [1012.996250647468, 0, 657.9928476631827, 0, 1015.19512979974, 481.0842567301859, 0, 0, 1]
distortion_model: plumb_bob
distortion_coefficients:
  rows: 1
  cols: 5
  data: [-0.4014203821366404, 0.1553464378993187, 0.0005061034290327359, -0.0001421271629526928, 0]
rectification_matrix:
  rows: 3
  cols: 3
  data: [0.9998737764531201, -0.001638103513021533, 0.01580341033626343, 0.001511528592103689, 0.9999667132087058, 0.008017964572963427, -0.01581601854737609, -0.007993065210460257, 0.9998429699036996]
projection_matrix:
  rows: 3
  cols: 4
  data: [932.9327356973836, 0, 642.0394439697266, 74.73654052276831, 0, 932.9327356973836, 481.8146934509277, 0, 0, 0, 1, 0]