image_width: 1288
image_height: 964
camera_name: 14490573
camera_matrix:
  rows: 3
  cols: 3
  data: [1009.207013316087, 0, 644.8944736787842, 0, 1011.050124446899, 481.853543665272, 0, 0, 1]
distortion_model: plumb_bob
distortion_coefficients:
  rows: 1
  cols: 5
  data: [-0.4137596421366746, 0.1704752344750652, -0.0001835181147226816, 0.0001503851849202162, 0]
rectification_matrix:
  rows: 3
  cols: 3
  data: [0.9999981307268111, 0.001933501188750188, -1.077202140780179e-05, -0.00193352546475658, 0.9999660840610511, -0.008005760856025073, -4.707492067400343e-06, 0.008005766719048653, 0.9999679533250452]
projection_matrix:
  rows: 3
  cols: 4
  data: [932.9327356973836, 0, 642.0394439697266, 0, 0, 932.9327356973836, 481.8146934509277, 0, 0, 0, 1, 0]