image_width: 1288
image_height: 964
camera_name: 14490573
camera_matrix:
  rows: 3
  cols: 3
  data: [1021.550981468273, 0, 656.8971292733542, 0, 1022.868754414275, 430.5036844369213, 0, 0, 1]
distortion_model: plumb_bob
distortion_coefficients:
  rows: 1
  cols: 5
  data: [-0.4163233714079764, 0.1756845652117596, 0.002844118200184002, 0.0006679497143823168, 0]
rectification_matrix:
  rows: 3
  cols: 3
  data: [0.9738376740814289, 0.02848698409224876, -0.2254521596192874, -0.03059349662374581, 0.999514762922318, -0.005854627629115377, 0.2251759811880599, 0.01259882683707946, 0.9742366483859678]
projection_matrix:
  rows: 3
  cols: 4
  data: [973.2864590303869, 0, 967.9928283691406, -124.9202453518537, 0, 973.2864590303869, 456.1268043518066, 0, 0, 0, 1, 0]